020130
020220
020230
020312
020319
020329
020649
020713
020714
040210
040410
040610
040620
040690
080211
080212
080232
080251
080510
080810
081010
090121
100199
100590
100630
120190
120810
120991
121490
150710
160100
170260
170490
180620
180690
190120
190590
200410
200819
210390
210410
210610
210690
220210
220299
220421
220710
220720
220830
230110
230330
230400
230910
230990
240120
250510
250700
260300
260700
261310
261390
270112
270900
271012
271019
271020
271111
271112
271113
271121
271311
271312
271600
280461
281512
283620
284390
284410
290110
290129
290243
290250
290321
290351
290511
290531
290919
293090
293149
293190
293339
293499
293719
294190
300212
300213
300214
300215
300241
300242
300249
300251
300290
300390
300420
300439
300450
300490
300510
300590
300610
310420
310540
310559
320611
320890
320910
321410
330210
330290
330300
330499
330590
340130
340242
340250
340290
340319
340399
350220
350400
350691
350790
370500
370790
380891
380892
380893
381121
381190
381512
381519
381590
381800
382100
382219
382499
390110
390120
390140
390190
390210
390230
390290
390390
390410
390690
390729
390730
390740
390799
390810
390890
390931
390950
391000
391190
391211
391732
391739
391740
391910
391990
392010
392020
392062
392099
392113
392119
392190
392310
392321
392330
392350
392390
392690
401110
401120
401180
401693
401699
440131
440399
440711
440791
470200
470321
470710
480411
481151
481910
490199
491199
520100
550210
610910
630790
630900
690919
700910
710239
710391
710691
710812
711011
711021
711031
711291
711292
711299
711319
711590
711890
720449
721049
722592
730890
731815
731816
731829
732690
740311
740400
740811
750512
750890
760120
760200
760429
760612
761290
761699
810890
830230
830249
840130
840721
840734
840820
840890
840991
840999
841112
841182
841191
841199
841221
841229
841290
841330
841350
841360
841370
841391
841430
841459
841480
841490
841582
841590
841869
841950
841981
841989
841990
842121
842123
842129
842131
842132
842139
842199
842489
842490
842710
842720
842890
842951
842952
843139
843143
843149
843311
843351
843359
843390
844331
844332
844399
845710
846693
846729
847130
847141
847149
847150
847160
847170
847180
847190
847330
847490
847790
847989
847990
848120
848130
848140
848180
848190
848210
848220
848310
848330
848340
848390
848420
848620
848640
848690
848790
850110
850131
850153
850213
850300
850440
850490
850650
850710
850720
850760
850790
851140
851220
851680
851713
851714
851762
851769
851779
851830
852349
852351
852560
852589
852610
852691
852721
852852
852910
852990
853224
853400
853590
853620
853650
853669
853670
853690
853710
853890
854110
854129
854141
854149
854159
854231
854232
854233
854239
854290
854370
854390
854420
854430
854442
854449
854460
854470
854911
860210
870121
870130
870195
870321
870322
870323
870324
870332
870333
870340
870360
870370
870380
870390
870410
870421
870422
870423
870431
870432
870451
870460
870590
870810
870829
870830
870840
870850
870870
870880
870892
870893
870894
870895
870899
871000
871150
871610
871639
871690
880000
880240
880730
880790
890399
900130
900150
900190
900410
901320
901380
901390
901580
901819
901831
901832
901839
901849
901850
901890
901920
902000
902110
902131
902139
902140
902190
902212
902214
902219
902230
902290
902300
902519
902610
902620
902690
902710
902730
902750
902781
902789
902790
903010
903040
903082
903090
903141
903149
903180
903190
903289
930630
930690
940199
940290
940320
950300
950430
950450
950691
961900
970121
970191
970390
980110
980320
988000
